Recovered,Recovered_STD,Vaccinated,Dead,Hospitalised,Infected_STD,Time,Dead_STD,Vaccinated_STD,Susceptible,Hospitalised_STD,Infected,Susceptible_STD
0.0,0.0,0.35000000000000037,0.0,0.0,2.168404344971009E-19,0.0,0.0,1.942890293094024E-16,0.6497000000000006,0.0,3.000000000000004E-4,2.7755575615628914E-16
9.722222222222224E-6,1.481300625534829E-5,0.35000000000000037,0.0,2.3611111111111117E-5,7.168604389202183E-5,1.0,0.0,1.942890293094024E-16,0.6495333333333335,2.567566881574467E-5,4.3333333333333375E-4,7.168604389202741E-5
4.0277777777777764E-5,2.5900078054127095E-5,0.35000000000000037,1.1111111111111113E-5,3.194444444444444E-5,1.5171187513031252E-4,2.0,1.5713484026367726E-5,1.942890293094024E-16,0.6492541666666668,2.741956530888836E-5,6.625000000000003E-4,1.5159739718521455E-4
7.916666666666666E-5,4.4046613566387454E-5,0.35000000000000037,2.222222222222223E-5,4.72222222222222E-5,2.7660516384671243E-4,3.0,2.078698548207746E-5,1.942890293094024E-16,0.6488597222222223,3.532804817215808E-5,9.91666666666667E-4,2.8008675766802454E-4
1.4444444444444444E-4,5.766816525562969E-5,0.35000000000000037,3.472222222222222E-5,6.944444444444444E-5,4.733152179305999E-4,4.0,2.9058994379038453E-5,1.942890293094024E-16,0.6482250000000002,4.136464614398729E-5,0.0015263888888888885,4.903053187102478E-4
2.5E-4,8.700255424092127E-5,0.35000000000000037,6.11111111111111E-5,1.069444444444445E-4,8.234058555366841E-4,5.0,3.589679995366693E-5,1.942890293094024E-16,0.6471916666666666,5.793098677215038E-5,0.002390277777777778,8.880671114529817E-4
3.972222222222222E-4,1.3641547602367347E-4,0.35000000000000037,9.16666666666667E-5,1.8333333333333325E-4,0.0014006942722965797,6.0,4.145780987944251E-5,1.942890293094024E-16,0.6455777777777777,8.579691784155836E-5,0.0037499999999999994,0.001541288742466617
6.513888888888891E-4,2.389201772145812E-4,0.35000000000000037,1.569444444444444E-4,2.791666666666666E-4,0.002341054931957908,7.0,6.113872482183047E-5,1.942890293094024E-16,0.6430208333333335,1.1900557293206437E-4,0.005891666666666667,0.0026315122592975573
0.0010374999999999998,3.84096839279425E-4,0.35000000000000037,2.3611111111111104E-4,4.5277777777777775E-4,0.0037076393441343295,8.0,7.919102938971356E-5,1.942890293094024E-16,0.6391291666666664,2.0068843704965192E-4,0.009144444444444446,0.004248737046824099
0.001595833333333333,5.841920762424328E-4,0.35000000000000037,3.3749999999999996E-4,7.791666666666666E-4,0.005828831223967631,9.0,1.1317314046284225E-4,1.942890293094024E-16,0.6331999999999999,3.062925140558722E-4,0.014087499999999996,0.006713434913167278
0.0024638888888888883,9.25086540829933E-4,0.35000000000000037,5.347222222222221E-4,0.0012111111111111116,0.008772241545920241,10.0,1.806930566177808E-4,1.942890293094024E-16,0.624263888888889,4.822225422425973E-4,0.021526388888888876,0.010244674448339933
0.0037930555555555547,0.0014613855295215776,0.35000000000000037,8.180555555555558E-4,0.0018680555555555557,0.012466961411368922,11.0,2.739026576998875E-4,1.942890293094024E-16,0.6114638888888889,8.264224432963754E-4,0.03205694444444445,0.014900643874873411
0.005872222222222222,0.0023000486441447487,0.35000000000000037,0.0013041666666666668,0.0027611111111111118,0.017026423443965263,12.0,4.92191633580526E-4,1.942890293094024E-16,0.5937652777777775,0.0010899973099978133,0.04629722222222221,0.02077316170453915
0.008799999999999999,0.0034129858221537083,0.35000000000000037,0.001972222222222223,0.004093055555555555,0.02183701886788271,13.0,7.290224725151475E-4,1.942890293094024E-16,0.5703749999999999,0.00158662653986569,0.06475972222222223,0.027403499561086075
0.01291111111111111,0.0048449182681126165,0.35000000000000037,0.0029652777777777802,0.006045833333333333,0.02640199768522892,14.0,0.001092275902588967,1.942890293094024E-16,0.5407319444444445,0.0022442354782741592,0.08734583333333332,0.03433070664141984
0.01853194444444445,0.00656169347630672,0.35000000000000037,0.004509722222222222,0.008354166666666664,0.03034229832289294,15.0,0.0016934547143631462,1.942890293094024E-16,0.5057013888888888,0.002867997964850897,0.11290277777777782,0.04105502362434498
0.025731944444444436,0.008471889081564954,0.35000000000000037,0.006654166666666667,0.011493055555555555,0.03315165692346061,16.0,0.0024088658220438744,1.942890293094024E-16,0.4656999999999999,0.0035855644835778733,0.14042083333333333,0.047038883147644754
0.03497916666666666,0.01076630203684678,0.35000000000000037,0.00968888888888889,0.014969444444444448,0.033987685671365224,17.0,0.003340830688819478,1.942890293094024E-16,0.422588888888889,0.004164204596659428,0.16777361111111105,0.05136778305321798
0.046062500000000006,0.012910031730047499,0.35000000000000037,0.013608333333333332,0.018476388888888882,0.03335385904501073,18.0,0.004443610815916864,1.942890293094024E-16,0.3785111111111111,0.004577082806520646,0.19334166666666666,0.0540125966246375
0.059062500000000004,0.015101038038041917,0.35000000000000037,0.018312500000000006,0.022590277777777786,0.0310373617369747,19.0,0.00564235555555282,1.942890293094024E-16,0.3350944444444446,0.004812802369449274,0.21494027777777777,0.05472697631633228
0.07350833333333334,0.017119278748274153,0.35000000000000037,0.02427777777777778,0.02626111111111111,0.027604823568354305,20.0,0.00688958161839623,1.942890293094024E-16,0.2936763888888889,0.004809875226173547,0.2322763888888889,0.05382391009698996
0.08905416666666668,0.018805779876698372,0.35000000000000037,0.031249999999999993,0.029905555555555557,0.023076572404977985,21.0,0.008105656461179852,1.942890293094024E-16,0.25566388888888875,0.004688497219028664,0.2441263888888889,0.051149243304897285
0.10558194444444441,0.02021525367140438,0.35000000000000037,0.039040277777777785,0.03300416666666669,0.018298956287594047,22.0,0.009135821816261942,1.942890293094024E-16,0.2215527777777777,0.004432921640502269,0.2508208333333334,0.0472483171159906
0.12251666666666666,0.021092649456886894,0.35000000000000037,0.04764444444444445,0.03542777777777779,0.014136527307687262,23.0,0.010062885219986228,1.942890293094024E-16,0.19193333333333337,0.003985130541412509,0.2524777777777778,0.0426864578122331
0.13975000000000004,0.02173865285103421,0.35000000000000037,0.05663055555555558,0.03733055555555557,0.011484815336523405,24.0,0.010810795912243133,1.942890293094024E-16,0.16589861111111112,0.0034983889038869734,0.2503902777777778,0.03759366865748617
0.15713888888888883,0.021844865840289496,0.35000000000000037,0.06609305555555552,0.03860555555555556,0.010940164137618079,25.0,0.011446185458692512,1.942890293094024E-16,0.14425138888888886,0.0029576629391680855,0.24391111111111113,0.032441598160146384
0.17419722222222223,0.02166669867340941,0.35000000000000037,0.07576666666666663,0.03933333333333333,0.012070607203292337,26.0,0.01181671661954651,1.942890293094024E-16,0.12608333333333327,0.0023458444345504058,0.23461944444444438,0.027529452662355805
0.1906,0.021342094555127433,0.35000000000000037,0.08539722222222222,0.039245833333333334,0.013986970606245269,27.0,0.012015279543790567,1.942890293094024E-16,0.1110055555555556,0.001730966683596834,0.22375138888888887,0.0228956159208496
0.20624444444444445,0.020644603291459212,0.35000000000000037,0.0948388888888889,0.0388125,0.015582884336347018,28.0,0.01202612767741887,1.942890293094024E-16,0.09830277777777778,0.001437154245858422,0.2118013888888889,0.01877673459257164
0.22145277777777775,0.0197725977825623,0.35000000000000037,0.10400138888888884,0.03779027777777777,0.01664836975993687,29.0,0.011820745925700676,1.942890293094024E-16,0.08791944444444444,0.0016171640068818995,0.19883611111111107,0.015291677200016557
0.2357305555555555,0.01874891781856446,0.35000000000000037,0.11249583333333331,0.03688888888888889,0.017278800308591063,30.0,0.011408005953118574,1.942890293094024E-16,0.07923888888888893,0.001908034102368841,0.1856458333333333,0.012321913506803067
0.2490458333333333,0.01764722581577783,0.35000000000000037,0.1207055555555556,0.035716666666666674,0.017352853369452775,31.0,0.01079442335733058,1.942890293094024E-16,0.07232638888888887,0.002028631859707971,0.1722055555555556,0.009979395415108085
0.26135694444444446,0.01664718617028467,0.35000000000000037,0.12861805555555555,0.03389027777777778,0.01728888463508142,32.0,0.010244298300317842,1.942890293094024E-16,0.06664999999999999,0.002127272636405302,0.15948472222222226,0.008165259232463678
0.2731305555555556,0.015481172792587476,0.35000000000000037,0.13572777777777775,0.03245,0.016757467874129107,33.0,0.009625527482740238,1.942890293094024E-16,0.06182777777777779,0.0022668351653057322,0.14686388888888893,0.006637348147573606
0.28383333333333327,0.01434803993582399,0.35000000000000037,0.1423444444444445,0.030804166666666664,0.015979232263011817,34.0,0.009000130743220439,1.942890293094024E-16,0.058088888888888884,0.0023428887306414423,0.1349291666666667,0.005375520359537527
0.2937416666666667,0.013316817244663902,0.35000000000000037,0.14866527777777777,0.02884166666666668,0.01490949300851083,35.0,0.00827328431241446,1.942890293094024E-16,0.054872222222222225,0.0024295454250172445,0.12387916666666667,0.004504212705763954
0.30306666666666676,0.012411036195436884,0.35000000000000037,0.15430416666666666,0.027009722222222213,0.013995874457587912,36.0,0.007533266212366911,1.942890293094024E-16,0.052251388888888896,0.002446499195594229,0.11336805555555556,0.0037108792108807463
0.3115777777777779,0.011464786734891461,0.35000000000000037,0.15934444444444446,0.025443055555555552,0.013165026690382654,37.0,0.006871367165884462,1.942890293094024E-16,0.050000000000000024,0.0022859599610826173,0.10363472222222221,0.003069744831958079
0.31923888888888896,0.0105405617192835,0.35000000000000037,0.1640458333333333,0.023858333333333332,0.012182027894671037,38.0,0.006327409167331707,1.942890293094024E-16,0.04805416666666666,0.0022446348069712066,0.09480277777777779,0.0026350592643029657
0.3263277777777779,0.009658531858120102,0.35000000000000037,0.16821388888888889,0.022247222222222238,0.01109774638937291,39.0,0.0058240658857329234,1.942890293094024E-16,0.04649166666666668,0.002225093197521021,0.08671944444444445,0.002326414593556169
0.3329513888888888,0.008877319700974079,0.35000000000000037,0.17204166666666668,0.020655555555555552,0.01028244188464545,40.0,0.005314542091176707,1.942890293094024E-16,0.0451513888888889,0.0020539069965841406,0.07920000000000002,0.0020185251948369033
0.3388513888888889,0.00822080690591949,0.35000000000000037,0.17546111111111107,0.019279166666666667,0.009470309252091344,41.0,0.004838614611438351,1.942890293094024E-16,0.043994444444444426,0.0020008147212101156,0.07241388888888893,0.0017826885300191192
0.34436249999999996,0.007481247099228995,0.35000000000000037,0.1785666666666666,0.017966666666666666,0.008566489563488537,42.0,0.004427494588741282,1.942890293094024E-16,0.043040277777777775,0.001897842342123169,0.06606388888888887,0.001619534820948729
0.3494791666666667,0.006864147684709297,0.35000000000000037,0.1814083333333334,0.01655416666666666,0.00774117400532438,43.0,0.003991394823728779,1.942890293094024E-16,0.04224861111111111,0.001803583190870022,0.06030972222222223,0.0015143066128584773
0.3540694444444445,0.006357927241776866,0.35000000000000037,0.18383749999999996,0.015347222222222226,0.007143630309097438,44.0,0.003673539368654642,1.942890293094024E-16,0.041525,0.0016467765698441469,0.05522083333333335,0.0014045498982473595
0.35828333333333323,0.005863665188637943,0.35000000000000037,0.185975,0.014348611111111112,0.006524323554170669,45.0,0.0033880790812953455,1.942890293094024E-16,0.04089861111111112,0.0015867286633448852,0.05049444444444443,0.0013054770588103982
0.3622111111111111,0.005398575915329917,0.35000000000000037,0.1879208333333334,0.013329166666666666,0.005932783173554683,46.0,0.003132734179195548,1.942890293094024E-16,0.04036527777777778,0.0014934681277520157,0.046173611111111124,0.0012486147803060662
0.36567777777777777,0.004979117658212244,0.35000000000000037,0.18975416666666667,0.012313888888888888,0.00537265448213577,47.0,0.0028763153693860954,1.942890293094024E-16,0.03990555555555557,0.0014004043452685061,0.042348611111111115,0.0012056547578232035
0.3690041666666666,0.004605992756272348,0.35000000000000037,0.19134722222222225,0.011420833333333331,0.004954416442322003,48.0,0.0027021849726736333,1.942890293094024E-16,0.039472222222222214,0.001312385907739539,0.03875555555555555,0.00116756579109839
0.3720083333333333,0.004300304818007414,0.35000000000000037,0.19284583333333336,0.010529166666666666,0.004544271625941775,49.0,0.002546838147313471,1.942890293094024E-16,0.03914861111111111,0.0012577934134162627,0.035468055555555565,0.0011622533506427276
0.3747680555555555,0.004042017393621595,0.35000000000000037,0.194123611111111,0.009813888888888891,0.004201432506660638,50.0,0.0023435860024928136,1.942890293094024E-16,0.03883055555555556,0.0011426791603859094,0.032463888888888896,0.0011284711538456478
0.377413888888889,0.003764631691771633,0.35000000000000037,0.19532500000000008,0.009125000000000001,0.003781309049635856,51.0,0.002185427589740736,1.942890293094024E-16,0.038559722222222224,0.0010707198383434493,0.0295763888888889,0.0011138228627563564
0.37969027777777764,0.0035258092030433855,0.35000000000000037,0.19640833333333332,0.008511111111111112,0.003478902185556051,52.0,0.0020634509592212537,1.942890293094024E-16,0.03833194444444444,9.751266141277486E-4,0.027058333333333334,0.001118059653201601
0.381775,0.003316465132067911,0.35000000000000037,0.19737222222222228,0.007899999999999997,0.003213177484766615,53.0,0.0020030050726315336,1.942890293094024E-16,0.03816527777777777,8.825861619883544E-4,0.024787499999999987,0.0011089960337765411
0.3837944444444443,0.003151717883517488,0.35000000000000037,0.1982444444444444,0.007270833333333333,0.0029731727938670767,54.0,0.001944309519128279,1.942890293094024E-16,0.03798888888888889,8.621048813160085E-4,0.02270138888888889,0.0010992912980755788
0.38557916666666664,0.0029880193353810664,0.35000000000000037,0.19900833333333334,0.006768055555555554,0.002769405351195162,55.0,0.001914922213389706,1.942890293094024E-16,0.037837499999999996,7.95553021702203E-4,0.020806944444444444,0.0011012126365209098
0.38724027777777786,0.002836097422836703,0.35000000000000037,0.19974444444444445,0.00619861111111111,0.002588373126825582,56.0,0.0019001989824330263,1.942890293094024E-16,0.03773472222222221,7.239212786946615E-4,0.01908194444444444,0.00110513824305624
0.3887055555555556,0.002682620103049247,0.35000000000000037,0.200375,0.005777777777777778,0.002368015945416524,57.0,0.0018666620163632548,1.942890293094024E-16,0.03761527777777776,7.009032972520283E-4,0.01752638888888888,0.001107413770226673
0.39009305555555546,0.002573466727826181,0.35000000000000037,0.2009402777777778,0.005365277777777778,0.0022051758305570196,58.0,0.0018050019183242774,1.942890293094024E-16,0.03750833333333333,6.200447856932854E-4,0.01609305555555556,0.0011132644065489964
0.39134444444444433,0.002480127809331059,0.35000000000000037,0.20146111111111112,0.00499861111111111,0.0020454896181055964,59.0,0.0017784113454373392,1.942890293094024E-16,0.03739583333333333,5.822306873589446E-4,0.014799999999999999,0.0011205912842731235
0.3925361111111112,0.002371170971206286,0.35000000000000037,0.2018916666666667,0.004672222222222221,0.001841052640852208,60.0,0.0017203994610425666,1.942890293094024E-16,0.037304166666666666,5.127013305239101E-4,0.013595833333333337,0.001123932749940533
0.3936124999999999,0.002264274741317112,0.35000000000000037,0.20230416666666662,0.004306944444444443,0.0016886170285579268,61.0,0.001700601149838883,1.942890293094024E-16,0.0372152777777778,4.5790331258120366E-4,0.012561111111111111,0.0011270863284686702
0.39456527777777783,0.0021555831854973176,0.35000000000000037,0.20263750000000003,0.004038888888888888,0.0015579394865246983,62.0,0.001700213170866785,1.942890293094024E-16,0.03716527777777779,4.456234362256773E-4,0.011593055555555558,0.0011302703622678022
0.39553749999999993,0.002091740329048199,0.35000000000000037,0.20292638888888892,0.0038069444444444453,0.0014324163666254806,63.0,0.0016849207254586924,1.942890293094024E-16,0.03711944444444445,4.457613951999627E-4,0.010609722222222222,0.0011272089082505993
0.39638611111111116,0.0020396640783396495,0.35000000000000037,0.20321250000000005,0.0035944444444444435,0.0013164754608001202,64.0,0.0016855170963073745,1.942890293094024E-16,0.03708194444444443,4.3300379207417724E-4,0.009725000000000003,0.0011231876262107058
0.3971708333333334,0.0019989656613553382,0.35000000000000037,0.20348333333333335,0.003398611111111111,0.0012386192952185324,65.0,0.0016753730927766507,1.942890293094024E-16,0.037037499999999994,3.940964574148231E-4,0.008909722222222222,0.0011297257994506652
0.3979583333333333,0.0019686033896027817,0.35000000000000037,0.2037347222222222,0.003165277777777779,0.0011234419938653917,66.0,0.0016652318766262248,1.942890293094024E-16,0.03700277777777777,3.700750413975957E-4,0.008138888888888885,0.0011303874772684947
0.3986430555555557,0.0019614306426420126,0.35000000000000037,0.20393333333333333,0.0029402777777777786,0.0010284157179316588,67.0,0.0016687903137036456,1.942890293094024E-16,0.03698333333333332,3.358922324511057E-4,0.007500000000000001,0.0011276819882691511
0.39925555555555564,0.001921820767326753,0.35000000000000037,0.20414166666666678,0.0027402777777777777,9.316484047107042E-4,68.0,0.0016690763829801862,1.942890293094024E-16,0.03697083333333331,3.0432755131215827E-4,0.006891666666666667,0.0011289264043279742
0.39982222222222213,0.0018801082678307215,0.35000000000000037,0.20430972222222216,0.002568055555555556,8.501630993666399E-4,69.0,0.0016802190606647063,1.942890293094024E-16,0.03695138888888887,2.9069198915988094E-4,0.006348611111111111,0.0011321069668602786
0.40039722222222224,0.0018492861276986764,0.35000000000000037,0.2044611111111111,0.0024319444444444445,7.767105773630577E-4,70.0,0.001682725871324469,1.942890293094024E-16,0.03693194444444444,2.7911397374460887E-4,0.005777777777777777,0.0011275842660334403
0.4008888888888889,0.0018255241932789914,0.35000000000000037,0.2046083333333333,0.0022569444444444442,7.14579958959747E-4,71.0,0.0016779979390134341,1.942890293094024E-16,0.036919444444444435,2.6729436396260366E-4,0.005326388888888888,0.00112970125380098
0.4013305555555554,0.0017985456873558087,0.35000000000000037,0.20472916666666666,0.0021097222222222233,6.691097451690918E-4,72.0,0.001677681052905402,1.942890293094024E-16,0.03690416666666666,2.5442742392126267E-4,0.00492638888888889,0.0011337449466995062
0.4017236111111111,0.0017886892519297843,0.35000000000000037,0.20483750000000006,0.0019569444444444443,6.173040843552944E-4,73.0,0.0016914293244833564,1.942890293094024E-16,0.036888888888888874,2.550634982063956E-4,0.004593055555555554,0.0011339629242529258
0.4020944444444444,0.0017841292789342973,0.35000000000000037,0.2049388888888889,0.001833333333333333,5.927769805003489E-4,74.0,0.001680971023024167,1.942890293094024E-16,0.03687916666666666,2.465033242958174E-4,0.004254166666666668,0.0011350764016135652
0.40250833333333347,0.0017869268700450183,0.35000000000000037,0.2050486111111111,0.0016791666666666665,5.639226693494178E-4,75.0,0.0016908247711208283,1.942890293094024E-16,0.036870833333333325,2.3978252589007025E-4,0.0038930555555555554,0.0011347245597011146
0.4028402777777778,0.0017759711686344975,0.35000000000000037,0.20512499999999997,0.0015861111111111117,5.101284144491414E-4,76.0,0.0016852248036653412,1.942890293094024E-16,0.03685555555555555,2.273496993674483E-4,0.0035930555555555555,0.0011380993197996365
0.40313194444444445,0.0017641457326125487,0.35000000000000037,0.2051972222222222,0.0014958333333333332,4.784188004365121E-4,77.0,0.0016902903313694329,1.942890293094024E-16,0.03685416666666666,2.0907160854597158E-4,0.0033208333333333328,0.0011359937371452947
0.40346111111111116,0.0017446058842495117,0.35000000000000037,0.20526388888888886,0.0014180555555555552,4.510912480232906E-4,78.0,0.0016916729383207943,1.942890293094024E-16,0.036847222222222226,1.9602408952177155E-4,0.0030097222222222222,0.0011363004121020155
0.40371527777777777,0.0017439908679166142,0.35000000000000037,0.2053208333333333,0.0013180555555555556,4.1824469696962076E-4,79.0,0.0016944955308783394,1.942890293094024E-16,0.036843055555555566,1.797618773870822E-4,0.0028027777777777773,0.0011370901700322408
0.4039555555555555,0.0017261849571157896,0.35000000000000037,0.20538055555555554,0.001240277777777778,4.046865690084149E-4,80.0,0.0016983578442966462,1.942890293094024E-16,0.03683750000000001,1.6194557603949983E-4,0.0025861111111111115,0.0011383906006824818
0.4041541666666666,0.0017294816480186584,0.35000000000000037,0.20544722222222217,0.0011430555555555556,3.809652853097132E-4,81.0,0.0017051183614468556,1.942890293094024E-16,0.03683472222222223,1.615520188173166E-4,0.002420833333333333,0.0011376498595491052
0.4043583333333333,0.0017339692343163278,0.35000000000000037,0.2054916666666666,0.0010680555555555558,3.511822789600232E-4,82.0,0.001704237977318113,1.942890293094024E-16,0.036827777777777786,1.567522791099793E-4,0.0022541666666666665,0.0011341364256996446
0.4045472222222223,0.0017275539110059922,0.35000000000000037,0.2055458333333333,9.958333333333338E-4,3.3709394869518736E-4,83.0,0.001699447162968658,1.942890293094024E-16,0.03682500000000002,1.4917306783285872E-4,0.0020861111111111115,0.0011336932639240064
0.4047430555555557,0.0017353719259716666,0.35000000000000037,0.20558194444444436,9.333333333333333E-4,3.307123519347625E-4,84.0,0.001702537452453299,1.942890293094024E-16,0.03682083333333334,1.3070322617798438E-4,0.0019208333333333334,0.0011344950387972418
0.40493472222222227,0.0017238756344156879,0.35000000000000037,0.20561111111111102,8.666666666666664E-4,2.991234300232747E-4,85.0,0.0017013384346260452,1.942890293094024E-16,0.03681666666666667,1.328114787542436E-4,0.0017708333333333335,0.0011359650816229637
0.40509999999999996,0.0017270921290487723,0.35000000000000037,0.20564722222222215,8.097222222222223E-4,2.8679714811459805E-4,86.0,0.0017005099770653399,1.942890293094024E-16,0.036813888888888896,1.187784241485375E-4,0.0016291666666666668,0.0011363105978082566
0.4052263888888889,0.0017278959800135284,0.35000000000000037,0.20567361111111107,7.68055555555556E-4,2.788417124773192E-4,87.0,0.0017013065456264358,1.942890293094024E-16,0.03681250000000001,1.2327318040098112E-4,0.001519444444444444,0.001137185167053575
0.40537500000000004,0.001730340966720463,0.35000000000000037,0.20569583333333327,7.083333333333334E-4,2.5875767865984596E-4,88.0,0.0016996003921673924,1.942890293094024E-16,0.036811111111111114,1.1296201426438302E-4,0.001409722222222222,0.0011378755654592183
0.4055027777777779,0.0017264682202207196,0.35000000000000037,0.20571249999999996,6.708333333333336E-4,2.436659003382589E-4,89.0,0.001701019659482054,1.942890293094024E-16,0.036811111111111114,1.1317314046284227E-4,0.0013027777777777773,0.0011378755654592183
0.4056041666666666,0.0017282866736710338,0.35000000000000037,0.20573749999999996,6.222222222222224E-4,2.3804660134851797E-4,90.0,0.001703783320779572,1.942890293094024E-16,0.03680972222222222,1.0872436550433849E-4,0.0012263888888888888,0.0011376803801492505
0.4057222222222222,0.001734018739130092,0.35000000000000037,0.2057472222222222,5.888888888888889E-4,2.274292302760369E-4,91.0,0.0017050165407763603,1.942890293094024E-16,0.03680972222222222,1.1351564856501417E-4,0.001131944444444445,0.0011376803801492505
0.4058291666666667,0.0017318590986278313,0.35000000000000037,0.20577222222222222,5.51388888888889E-4,2.254100772638588E-4,92.0,0.0017040030936620613,1.942890293094024E-16,0.036806944444444455,1.1425879967192521E-4,0.001040277777777778,0.0011371054379459157
0.4059236111111112,0.0017384438494662169,0.35000000000000037,0.2057944444444444,5.027777777777779E-4,2.0849877690081494E-4,93.0,0.0017066229016379276,1.942890293094024E-16,0.03680555555555556,1.1179477173667078E-4,9.736111111111113E-4,0.0011376415934123228
0.4060055555555557,0.0017452492835490284,0.35000000000000037,0.20580833333333326,4.7361111111111117E-4,1.9673134333556837E-4,94.0,0.001708714388395881,1.942890293094024E-16,0.03680555555555556,1.1456228762954057E-4,9.06944444444445E-4,0.0011376415934123228
0.40610555555555566,0.0017446921267902662,0.35000000000000037,0.20581666666666662,4.51388888888889E-4,1.8026552560659575E-4,95.0,0.001709044567392358,1.942890293094024E-16,0.03680555555555556,1.0704135219739571E-4,8.208333333333332E-4,0.0011376415934123228
0.40615833333333345,0.0017403453919648613,0.35000000000000037,0.20582777777777778,4.3888888888888884E-4,1.7846546679821883E-4,96.0,0.0017103082532069047,1.942890293094024E-16,0.03680555555555556,1.1104164495170377E-4,7.694444444444448E-4,0.0011376415934123228
0.4062319444444445,0.0017415435839461333,0.35000000000000037,0.20583888888888888,4.166666666666668E-4,1.6744609414508425E-4,97.0,0.001712587296143931,1.942890293094024E-16,0.036804166666666666,1.1180339887498949E-4,7.083333333333335E-4,0.0011365896082139763
0.40629027777777776,0.001740692704592336,0.35000000000000037,0.2058472222222222,4.000000000000001E-4,1.6763463126324892E-4,98.0,0.0017108106473212208,1.942890293094024E-16,0.03680277777777778,1.1118053386771944E-4,6.597222222222226E-4,0.001137766214947756
0.4063666666666667,0.001742125139018433,0.35000000000000037,0.20585555555555557,3.7222222222222236E-4,1.574475711286807E-4,99.0,0.0017150050390452554,1.942890293094024E-16,0.03680277777777778,1.0936122047238626E-4,6.02777777777778E-4,0.001137766214947756
0.40642361111111114,0.00174577850064161,0.35000000000000037,0.20586388888888893,3.5E-4,1.464059525159369E-4,100.0,0.001711791328541284,1.942890293094024E-16,0.03680277777777778,1.0897247358851683E-4,5.597222222222224E-4,0.001137766214947756
0.4064944444444445,0.0017409266547686473,0.35000000000000037,0.20587222222222226,3.125000000000001E-4,1.3650559331460684E-4,101.0,0.00171456631668798,1.942890293094024E-16,0.03680277777777778,1.0032499273195421E-4,5.180555555555558E-4,0.001137766214947756
0.406551388888889,0.001740589640186534,0.35000000000000037,0.20587500000000006,2.9166666666666685E-4,1.3461299982625092E-4,102.0,0.0017152249204631371,1.942890293094024E-16,0.03680277777777778,9.381941874331417E-5,4.791666666666668E-4,0.001137766214947756
0.4065972222222223,0.0017317294707535986,0.35000000000000037,0.20587916666666672,2.750000000000001E-4,1.2691245342098364E-4,103.0,0.0017163215166777787,1.942890293094024E-16,0.03680277777777778,8.965597829729175E-5,4.4583333333333356E-4,0.001137766214947756
0.40664166666666673,0.0017319054615589666,0.35000000000000037,0.20588750000000008,2.5833333333333345E-4,1.1848573584514483E-4,104.0,0.0017175551402275919,1.942890293094024E-16,0.03680277777777778,8.809322713277487E-5,4.0972222222222235E-4,0.001137766214947756
0.4066722222222223,0.0017310325720309536,0.35000000000000037,0.2058944444444445,2.4305555555555558E-4,1.1021995055342746E-4,105.0,0.0017181807418686758,1.942890293094024E-16,0.03680277777777778,8.572662820822138E-5,3.875000000000001E-4,0.001137766214947756
0.40670833333333345,0.0017301001496380995,0.35000000000000037,0.2058972222222223,2.3333333333333333E-4,1.1234557302260638E-4,106.0,0.0017176164893016683,1.942890293094024E-16,0.03680277777777778,8.620067027323837E-5,3.583333333333335E-4,0.001137766214947756
0.40674305555555557,0.0017196136999355909,0.35000000000000037,0.20589861111111116,2.166666666666666E-4,1.068993411382992E-4,107.0,0.0017181727425676586,1.942890293094024E-16,0.03680277777777778,8.12232862067414E-5,3.388888888888889E-4,0.001137766214947756
0.40677222222222226,0.0017231314804057843,0.35000000000000037,0.20590138888888893,2.0277777777777772E-4,1.0204080746882048E-4,108.0,0.0017182737836342298,1.942890293094024E-16,0.03680277777777778,7.904474041740108E-5,3.2083333333333334E-4,0.001137766214947756
0.40680416666666674,0.0017211599266353942,0.35000000000000037,0.2059083333333334,1.8611111111111107E-4,1.0324359529353773E-4,109.0,0.001720278360873289,1.942890293094024E-16,0.03680277777777778,7.036884744940778E-5,2.986111111111112E-4,0.001137766214947756
0.4068277777777779,0.001721619518195615,0.35000000000000037,0.20591527777777782,1.7361111111111106E-4,9.633523963255468E-5,110.0,0.0017230999947249112,1.942890293094024E-16,0.03680277777777778,6.718189217194222E-5,2.805555555555556E-4,0.001137766214947756
0.40685000000000016,0.0017225223752779938,0.35000000000000037,0.2059194444444445,1.625E-4,9.360070416929377E-5,111.0,0.0017228980528798809,1.942890293094024E-16,0.03680277777777778,6.5318397527462E-5,2.6527777777777774E-4,0.001137766214947756
0.4068875000000002,0.0017224001644185055,0.35000000000000037,0.20592222222222226,1.4444444444444438E-4,8.693323942706814E-5,112.0,0.0017239171766934647,1.942890293094024E-16,0.03680277777777778,6.17391965858135E-5,2.4305555555555552E-4,0.001137766214947756
0.4069152777777779,0.0017284920314922206,0.35000000000000037,0.20592361111111115,1.3333333333333329E-4,7.850601533923656E-5,113.0,0.001723539902504346,1.942890293094024E-16,0.03680277777777778,5.7130455003342E-5,2.2499999999999994E-4,0.001137766214947756
0.40693750000000006,0.0017281862180235866,0.35000000000000037,0.20592638888888892,1.2777777777777776E-4,7.354556830485402E-5,114.0,0.001722623021238968,1.942890293094024E-16,0.03680277777777778,5.2189706189044265E-5,2.0555555555555553E-4,0.001137766214947756
0.4069569444444445,0.0017283145769813356,0.35000000000000037,0.20592777777777782,1.2222222222222221E-4,6.829252959706084E-5,115.0,0.0017228493481855024,1.942890293094024E-16,0.03680277777777778,5.084168116034199E-5,1.902777777777777E-4,0.001137766214947756
0.40697916666666667,0.0017305654482952478,0.35000000000000037,0.2059291666666667,1.1666666666666667E-4,6.520385885725278E-5,116.0,0.0017220473421515193,1.942890293094024E-16,0.03680277777777778,5.000000000000001E-5,1.7222222222222216E-4,0.001137766214947756
0.4069944444444445,0.0017313467961084681,0.35000000000000037,0.20593611111111113,1.1111111111111112E-4,6.340395672507403E-5,117.0,0.001723717428899342,1.942890293094024E-16,0.03680277777777778,4.969039949999533E-5,1.5555555555555554E-4,0.001137766214947756
0.40701666666666664,0.0017331129667611277,0.35000000000000037,0.2059388888888889,1.0000000000000002E-4,6.109532624422992E-5,118.0,0.0017236418879873771,1.942890293094024E-16,0.03680277777777778,4.564354645876385E-5,1.416666666666666E-4,0.001137766214947756
0.4070333333333333,0.0017348751155822908,0.35000000000000037,0.20594166666666666,8.888888888888889E-5,5.6617455483552944E-5,119.0,0.001723947948105678,1.942890293094024E-16,0.0368013888888889,4.5304184528611363E-5,1.347222222222222E-4,0.0011384837948254893
0.407048611111111,0.0017370751490083758,0.35000000000000037,0.20594305555555556,8.333333333333334E-5,5.367925289493163E-5,120.0,0.0017244126695150298,1.942890293094024E-16,0.0368013888888889,4.409585518440985E-5,1.236111111111111E-4,0.0011384837948254893
0.4070680555555554,0.0017415037082633678,0.35000000000000037,0.20594444444444443,7.638888888888891E-5,5.34632027025119E-5,121.0,0.0017238701792947544,1.942890293094024E-16,0.0368013888888889,4.4482405663141105E-5,1.0972222222222224E-4,0.0011384837948254893
0.40708055555555545,0.0017407022626755994,0.35000000000000037,0.20594444444444443,7.361111111111113E-5,5.236958375306355E-5,122.0,0.0017238701792947544,1.942890293094024E-16,0.03680000000000001,4.409038660930548E-5,1.0138888888888889E-4,0.0011392309784333562
0.4070888888888888,0.0017398226992114336,0.35000000000000037,0.20594444444444443,7.083333333333332E-5,4.960783708246107E-5,123.0,0.0017238701792947544,1.942890293094024E-16,0.03680000000000001,4.284784125250652E-5,9.583333333333332E-5,0.0011392309784333562
0.4070999999999999,0.0017389532291966145,0.35000000000000037,0.20594444444444443,6.944444444444444E-5,4.662613980998477E-5,124.0,0.0017238701792947544,1.942890293094024E-16,0.03680000000000001,4.301072935333894E-5,8.611111111111109E-5,0.0011392309784333562
0.4071138888888888,0.0017386797664454804,0.35000000000000037,0.20594583333333333,6.805555555555556E-5,4.34790995624959E-5,125.0,0.0017236495821205784,1.942890293094024E-16,0.03680000000000001,4.1521738691324314E-5,7.222222222222222E-5,0.0011392309784333562
0.40712499999999985,0.0017366904588901266,0.35000000000000037,0.20594583333333333,6.249999999999999E-5,4.082482904638631E-5,126.0,0.0017236495821205784,1.942890293094024E-16,0.03680000000000001,4.119524986101081E-5,6.666666666666666E-5,0.0011392309784333562
0.4071333333333331,0.0017355754729259745,0.35000000000000037,0.20594722222222223,5.694444444444444E-5,4.034357652299392E-5,127.0,0.0017229249238460383,1.942890293094024E-16,0.03680000000000001,4.067690179335408E-5,6.25E-5,0.0011392309784333562
0.40714722222222205,0.0017332927123089193,0.35000000000000037,0.20594861111111115,4.999999999999998E-5,3.8131260870256506E-5,128.0,0.0017228245754420015,1.942890293094024E-16,0.03680000000000001,3.6324157862838924E-5,5.416666666666666E-5,0.0011392309784333562
0.4071569444444443,0.0017304428300632408,0.35000000000000037,0.20594861111111115,4.7222222222222214E-5,3.6297595403811054E-5,129.0,0.0017228245754420015,1.942890293094024E-16,0.03680000000000001,3.5328048172158074E-5,4.722222222222222E-5,0.0011392309784333562
0.40715972222222213,0.0017302789539515443,0.35000000000000037,0.20595000000000002,4.583333333333333E-5,3.5246048723470904E-5,130.0,0.0017228045610444488,1.942890293094024E-16,0.03680000000000001,3.529390488770296E-5,4.444444444444444E-5,0.0011392309784333562
0.4071694444444443,0.0017301781958821952,0.35000000000000037,0.20595000000000002,4.1666666666666665E-5,3.4916125249934836E-5,131.0,0.0017228045610444488,1.942890293094024E-16,0.03680000000000001,3.200477394945255E-5,3.88888888888889E-5,0.0011392309784333562
0.4071777777777777,0.0017313735359498971,0.35000000000000037,0.20595000000000002,3.75E-5,3.3499297486645404E-5,132.0,0.0017228045610444488,1.942890293094024E-16,0.03680000000000001,3.054766312211497E-5,3.472222222222223E-5,0.0011392309784333562
0.4071805555555555,0.0017314821623092328,0.35000000000000037,0.20595000000000002,3.611111111111111E-5,3.333333333333333E-5,133.0,0.0017228045610444488,1.942890293094024E-16,0.03680000000000001,2.92327294164572E-5,3.333333333333334E-5,0.0011392309784333562
0.4071874999999999,0.0017330516097175063,0.35000000000000037,0.20595000000000002,3.194444444444445E-5,3.077572195300047E-5,134.0,0.0017228045610444488,1.942890293094024E-16,0.03680000000000001,2.865793094717131E-5,3.055555555555556E-5,0.0011392309784333562
0.4071902777777777,0.0017327555070974492,0.35000000000000037,0.20595000000000002,3.055555555555556E-5,2.81828109551431E-5,135.0,0.0017228045610444488,1.942890293094024E-16,0.03680000000000001,2.8429846514526002E-5,2.916666666666667E-5,0.0011392309784333562
0.40719305555555546,0.0017321976726130792,0.35000000000000037,0.20595000000000002,2.916666666666667E-5,2.7916321169780232E-5,136.0,0.0017228045610444488,1.942890293094024E-16,0.03680000000000001,2.6922599965250187E-5,2.7777777777777786E-5,0.0011392309784333562
0.40719722222222215,0.0017329521259941514,0.35000000000000037,0.20595000000000002,2.7777777777777786E-5,2.602082499332664E-5,137.0,0.0017228045610444488,1.942890293094024E-16,0.03680000000000001,2.5306759942067483E-5,2.5000000000000008E-5,0.0011392309784333562
0.407198611111111,0.0017331228449030055,0.35000000000000037,0.20595000000000002,2.7777777777777786E-5,2.4285706180619056E-5,138.0,0.0017228045610444488,1.942890293094024E-16,0.03680000000000001,2.5306759942067483E-5,2.3611111111111117E-5,0.0011392309784333562
0.40720138888888874,0.0017322411033020581,0.35000000000000037,0.20595138888888892,2.5000000000000005E-5,2.3895347964007303E-5,139.0,0.0017209895622293787,1.942890293094024E-16,0.03680000000000001,2.465033242958172E-5,2.222222222222223E-5,0.0011392309784333562
0.40720277777777764,0.0017332526468043588,0.35000000000000037,0.20595138888888892,2.5000000000000005E-5,2.347797431163468E-5,140.0,0.0017209895622293787,1.942890293094024E-16,0.03680000000000001,2.465033242958172E-5,2.083333333333334E-5,0.0011392309784333562
0.40720833333333323,0.0017309027429510736,0.35000000000000037,0.20595138888888892,2.083333333333334E-5,2.303211659969029E-5,141.0,0.0017209895622293787,1.942890293094024E-16,0.03680000000000001,2.030582155168535E-5,1.944444444444445E-5,0.0011392309784333562
0.40720972222222207,0.0017308909018315416,0.35000000000000037,0.2059527777777778,1.805555555555556E-5,2.303211659969029E-5,142.0,0.0017214531212802258,1.942890293094024E-16,0.03680000000000001,1.92324755890642E-5,1.944444444444445E-5,0.0011392309784333562
0.40721111111111097,0.0017307182909038466,0.35000000000000037,0.2059527777777778,1.666666666666667E-5,2.303211659969029E-5,143.0,0.0017214531212802258,1.942890293094024E-16,0.03680000000000001,1.8633899812498257E-5,1.944444444444445E-5,0.0011392309784333562
0.4072124999999998,0.0017310870360524582,0.35000000000000037,0.2059527777777778,1.666666666666667E-5,2.0960261489981343E-5,144.0,0.0017214531212802258,1.942890293094024E-16,0.03680000000000001,1.8633899812498257E-5,1.805555555555556E-5,0.0011392309784333562
0.4072152777777777,0.0017328857539565118,0.35000000000000037,0.2059527777777778,1.527777777777778E-5,2.0412414523193162E-5,145.0,0.0017214531212802258,1.942890293094024E-16,0.03680000000000001,1.7988658120817528E-5,1.666666666666667E-5,0.0011392309784333562
0.4072152777777777,0.0017328857539565118,0.35000000000000037,0.2059527777777778,1.666666666666667E-5,1.9825142255028054E-5,146.0,0.0017214531212802258,1.942890293094024E-16,0.03680000000000001,2.041241452319316E-5,1.527777777777778E-5,0.0011392309784333562
0.4072180555555555,0.0017336002676849353,0.35000000000000037,0.2059527777777778,1.666666666666667E-5,1.8517071702740803E-5,147.0,0.0017214531212802258,1.942890293094024E-16,0.03680000000000001,2.041241452319316E-5,1.2500000000000002E-5,0.0011392309784333562
0.4072208333333333,0.0017330916798696278,0.35000000000000037,0.2059527777777778,1.666666666666667E-5,1.4813006255348297E-5,148.0,0.0017214531212802258,1.942890293094024E-16,0.03680000000000001,2.041241452319316E-5,9.722222222222224E-6,0.0011392309784333562
0.40722222222222215,0.0017332576550430768,0.35000000000000037,0.2059527777777778,1.666666666666667E-5,1.3819269959814166E-5,149.0,0.0017214531212802258,1.942890293094024E-16,0.03680000000000001,2.041241452319316E-5,8.333333333333334E-6,0.0011392309784333562
